3 1
4 1
5 1
6 1
7 1
8 5
9 1
10 1
11 1
12 7
13 1
14 1
15 11
16 9
17 1
18 1
19 1
20 11
21 13
22 1
23 1
24 19
25 1
26 1
27 1
28 15
29 1
30 19
31 1
32 17
33 23
34 1
35 29
36 19
37 1
38 1
39 25
40 31
41 1
42 29
43 1
44 23
45 26
46 1
47 1
48 41
49 1
50 1
51 35
52 27
53 1
54 1
55 34
56 43
57 37
58 1
59 1
60 49
61 1
62 1
63 55
64 33
65 51
66 43
67 1
68 35
69 47
70 41
71 1
72 55
73 1
74 1
75 49
76 39
77 43
78 53
79 1
80 71
81 1
82 1
83 1
84 71
85 69
86 1
87 59
88 67
89 1
90 71
91 64
92 47
93 61
94 1
95 56
96 79
97 1
98 1
99 89
100 51
2044

